<div>                        <script type="text/javascript">window.PlotlyConfig = {MathJaxConfig: 'local'};</script>
        <script charset="utf-8" src="https://cdn.plot.ly/plotly-2.27.0.min.js"></script>                <div id="797f04f9-a448-4260-904a-c59c0c3b4dfd" class="plotly-graph-div" style="height:100%; width:100%;"></div>            <script type="text/javascript">                                    window.PLOTLYENV=window.PLOTLYENV || {};                                    if (document.getElementById("797f04f9-a448-4260-904a-c59c0c3b4dfd")) {                    Plotly.newPlot(                        "797f04f9-a448-4260-904a-c59c0c3b4dfd",                        [{"coloraxis":"coloraxis","name":"0","x":["building_id","geo_level_1_id","geo_level_2_id","geo_level_3_id","count_floors_pre_eq","age","area_percentage","height_percentage","has_superstructure_adobe_mud","has_superstructure_mud_mortar_stone","has_superstructure_stone_flag","has_superstructure_cement_mortar_stone","has_superstructure_mud_mortar_brick","has_superstructure_cement_mortar_brick","has_superstructure_timber","has_superstructure_bamboo","has_superstructure_rc_non_engineered","has_superstructure_rc_engineered","has_superstructure_other","count_families","has_secondary_use","has_secondary_use_agriculture","has_secondary_use_hotel","has_secondary_use_rental","has_secondary_use_institution","has_secondary_use_school","has_secondary_use_industry","has_secondary_use_health_post","has_secondary_use_gov_office","has_secondary_use_use_police","has_secondary_use_other","damage_grade"],"y":["building_id","geo_level_1_id","geo_level_2_id","geo_level_3_id","count_floors_pre_eq","age","area_percentage","height_percentage","has_superstructure_adobe_mud","has_superstructure_mud_mortar_stone","has_superstructure_stone_flag","has_superstructure_cement_mortar_stone","has_superstructure_mud_mortar_brick","has_superstructure_cement_mortar_brick","has_superstructure_timber","has_superstructure_bamboo","has_superstructure_rc_non_engineered","has_superstructure_rc_engineered","has_superstructure_other","count_families","has_secondary_use","has_secondary_use_agriculture","has_secondary_use_hotel","has_secondary_use_rental","has_secondary_use_institution","has_secondary_use_school","has_secondary_use_industry","has_secondary_use_health_post","has_secondary_use_gov_office","has_secondary_use_use_police","has_secondary_use_other","damage_grade"],"z":[[1.0,-0.0028495781440228147,0.000347461409089966,-0.00039342748232141524,-0.000653776127547451,-0.0014764927421637868,-0.0020702246581718524,9.596586954832444e-05,-0.0003070634137845745,0.00242329186363145,0.001442952231297892,-0.0008267666293700326,-0.0037677664521578945,0.001932654616093115,0.0019672219053308597,0.0012661656046236436,0.002471844411331847,-0.002259245902071355,0.002171321210743137,-0.0005988697171793757,0.0026059223929970543,0.002630685808641466,0.0019336628143643833,-0.0021515958071176293,0.0007060006534348424,-0.00036213572810995457,0.002347837294996656,-0.00037400816550927415,0.0005375110411567944,-0.0031163563765357915,-0.00229506950173649,0.0010632287028194919],[-0.0028495781440228147,1.0,-0.06140485343970301,0.0027184451240931193,-0.08936357934227801,-0.003907634962752894,0.07115815026185636,-0.06347405420188779,-0.018245465155649256,-0.15203776361387886,0.007677207192157338,0.023656211997383096,-0.028853679784711126,0.13412140909095088,0.14498534650240533,0.07416884498591177,0.016453903852485446,0.015766749682893082,0.022670094526393687,0.03510832705763577,-0.010427923949706536,-0.0197858289450319,0.0019109980292476303,0.02352290163824189,0.0037002251059594935,0.002977459994769785,0.0026553966935673277,-0.0023033487983140284,0.001059640794961505,0.0005233006734425026,-0.017991981811164768,-0.07234663353698208],[0.000347461409089966,-0.06140485343970301,1.0,0.0009210931292134087,0.04772969440747337,0.012593840600091137,-0.04944328507503458,0.03551638926201272,0.01583285543282395,0.07649132505202996,-0.008742823165820073,-0.009121654419402842,0.014245637257724883,-0.07987522547337193,-0.023926884160391015,-0.032588494660995594,-0.03817304591341784,-0.03607387840473108,-0.02014419881087952,-0.0124390487203679,-0.001518719552307864,0.017522225999044155,-0.008438562941642585,-0.030704000446894784,-0.004839622436101671,-0.004856310434494307,0.0006869478009723819,-0.0007565567631568374,-0.00015234095770846548,0.0019263185136739445,-0.01306781157218301,0.043160756955273445],[-0.00039342748232141524,0.0027184451240931193,0.0009210931292134087,1.0,-0.02164631600576997,-0.006384587125940197,-0.00564264259661371,-0.024506767191746215,-0.015732163591436067,0.026294350928650144,0.019578929776392504,0.00596632093639976,-0.023278453868432834,-0.0051157066954225245,-0.003916033305274561,0.006143301495971141,0.002265449948301468,-0.012420275793387251,-0.01060379249820758,-0.0024786104125470243,0.007375439409061499,0.01599484828331841,-0.0020006534917833703,-0.007355911633604937,-0.007058067905608576,-0.004373489072013632,-0.0008624315032920818,-0.002632466302563283,-0.0009432162669411439,0.00026850226382543063,-0.0024631911603972606,0.007931778942187771],[-0.000653776127547451,-0.08936357934227801,0.04772969440747337,-0.02164631600576997,1.0,0.08666803086924134,0.10107117673221276,0.7727343845138132,0.17485170172997286,-0.027115975814530142,-0.04105754570346278,-0.011329060209487887,0.25727870190729757,-0.08582091419318502,-0.056637092149455955,-0.07048723648476826,0.0074480617845158826,0.04900020589643367,-0.029888018050533576,0.08658598970521006,0.05212546117467201,-0.005293656169874172,0.07711995682827173,0.03542512675629915,0.016384039189552287,0.008832940156884777,-0.0026111596625159697,0.0067859499171965204,0.009639044134380848,0.0039386651784300685,-0.002072826187000747,0.12230849360229727],[-0.0014764927421637868,-0.003907634962752894,0.012593840600091137,-0.006384587125940197,0.08666803086924134,1.0,-0.004322511259146069,0.06107354927164347,0.06803246562100292,0.0013212629727750388,0.009128771251880295,-0.012127922297215566,0.07952544261413866,-0.03699191640269268,0.0058554249633667454,-0.008374469203950609,-0.02543143783970778,-0.025551772723155775,-0.00151956666979846,0.005309280720074292,-0.008787675674419154,-0.0021940271689138385,-0.010020924257791284,0.0011926624683459659,-0.004188739140838413,-0.003514150514265195,-0.0036578196094440717,-0.0021692945553961084,-0.001763958406410088,-0.0011954921215703805,-0.004533726120264015,0.02927330217043438],[-0.0020702246581718524,0.07115815026185636,-0.04944328507503458,-0.00564264259661371,0.10107117673221276,-0.004322511259146069,1.0,0.1966452848294295,0.026286747076118302,-0.2255405527542036,-0.00047261221318148735,0.07370088764527716,0.05336153201388099,0.21080035951877557,-0.0539651164691918,-0.031641234095606624,0.1850472530931562,0.22464737857242692,0.00792828235401705,0.08863018715642552,0.12240060963293731,-0.016477524053492724,0.15988532795624597,0.10598266127607746,0.052212459870924446,0.05016367504837864,0.0194209721914513,0.01510881504186406,0.015289593054478478,0.004983388964914223,0.01311056390744851,-0.12522051572876056],[9.596586954832444e-05,-0.06347405420188779,0.03551638926201272,-0.024506767191746215,0.7727343845138132,0.06107354927164347,0.1966452848294295,1.0,0.14972517035448807,-0.10657298909056555,-0.02026003959386897,0.01295969555195695,0.20909776874802044,0.0016977509043287306,-0.05240247578669215,-0.06334188241450518,0.0862276246973026,0.12969835871790653,-0.019266201182822202,0.06431608144507243,0.09177989141817862,-0.0053900150906326695,0.12355131887852609,0.06890910266403372,0.03136583678510202,0.020032039928237794,0.0019457746886938272,0.01119177186676338,0.014659656764837319,0.004047601518318313,0.00539715613857924,0.048130023669990654],[-0.0003070634137845745,-0.018245465155649256,0.01583285543282395,-0.015732163591436067,0.17485170172997286,0.06803246562100292,0.026286747076118302,0.14972517035448807,1.0,-0.306861167949468,0.006961750375361357,-0.014554221668119233,0.31497853515877233,-0.03754921362244452,0.01169410832229899,0.01152841215166705,-0.03682990113039155,-0.03678163910404392,0.057544678543689165,0.03306842770859121,-0.013300055260480736,-0.003916568869326322,-0.01264172822241991,-0.003935490318567252,-0.004280959099607282,-0.002369427908692226,0.001761966632531929,-0.0032922984388699967,-0.0026482353807519236,-0.0014929441505018215,-0.01007436755645854,0.05531360218907634],[0.00242329186363145,-0.15203776361387886,0.07649132505202996,0.026294350928650144,-0.027115975814530142,0.0013212629727750388,-0.2255405527542036,-0.10657298909056555,-0.306861167949468,1.0,-0.034045599928551704,-0.10428805091344394,-0.3762076731900131,-0.4707149947537086,-0.040176970053043694,-0.05465720777016988,-0.2223655557518324,-0.2245090096112101,-0.04170463655591893,0.0015757704878855447,-0.08751991269151464,0.05826123374102549,-0.15953158858702965,-0.11794779008032763,-0.03606443109892583,-0.023070199208199298,-0.025506572182153082,-0.00876263690839065,-0.011904241772225143,-0.003380323759614741,0.005628210243558181,0.29132523868181254],[0.001442952231297892,0.007677207192157338,-0.008742823165820073,0.019578929776392504,-0.04105754570346278,0.009128771251880295,-0.00047261221318148735,-0.02026003959386897,0.006961750375361357,-0.034045599928551704,1.0,0.03730655512847682,-0.033347882188960454,-0.04372910030094558,0.12531140112997521,0.0784657573867416,0.008448081157868955,-0.02140574210917026,0.06573211699817152,0.004564185528743924,-0.0017375486925119586,0.010562752581589056,-0.008867893526757506,-0.011632076729353864,-0.0009705405740355539,-0.001362027649633721,-0.004239518316298146,-0.002585756554267365,0.0029590589253612578,0.0004719169783209661,0.0021265182982510636,0.06603944881371915],[-0.0008267666293700326,0.023656211997383096,-0.009121654419402842,0.00596632093639976,-0.011329060209487887,-0.012127922297215566,0.07370088764527716,0.01295969555195695,-0.014554221668119233,-0.10428805091344394,0.03730655512847682,1.0,-0.0016919940431465866,0.07873890527767936,0.014429990466844013,-0.004007647824462179,0.07635477837738834,0.025167996041693768,0.012462466992185806,-0.0063559785799863384,0.042156490835980914,-0.016117323637582816,0.07210363985924027,0.03375660745297164,0.00798462412361385,0.006473178552053475,0.006939083258360493,0.004406171748843533,0.01260530480175319,0.004825421434156841,0.014336930236041602,-0.06029534142275559],[-0.0037677664521578945,-0.028853679784711126,0.014245637257724883,-0.023278453868432834,0.25727870190729757,0.07952544261413866,0.05336153201388099,0.20909776874802044,0.31497853515877233,-0.3762076731900131,-0.033347882188960454,-0.0016919940431465866,1.0,0.030656107595381423,-0.001461455542466476,-0.00026662843537389496,-0.02891359662311997,-0.026530927715050494,0.026302016111688552,0.03155658814497119,-0.010438667336337276,-0.03867829738671975,0.02515191648954781,0.018367500603714927,-0.002334013831073901,-0.0003259442527746454,0.011167734231075898,0.000733465441896682,-0.003265946155649713,-0.0009199144404717015,-0.004889863050572403,0.0145605454373432],[0.001932654616093115,0.13412140909095088,-0.07987522547337193,-0.0051157066954225245,-0.08582091419318502,-0.03699191640269268,0.21080035951877557,0.0016977509043287306,-0.03754921362244452,-0.4707149947537086,-0.04372910030094558,0.07873890527767936,0.030656107595381423,1.0,-0.05865213276228901,-0.0549409598312504,0.13891480595771374,0.12106956738501845,-0.005976746841283103,-0.01537102140648527,0.07675645198345216,-0.05427254630617465,0.13954053478546227,0.10954527440891461,0.032062993618318665,0.019857630760639976,0.02624106795160879,0.008817360198318738,0.007395922206783352,0.005061105285099932,0.00012066991172160212,-0.25413098113139443],[0.0019672219053308597,0.14498534650240533,-0.023926884160391015,-0.003916033305274561,-0.056637092149455955,0.0058554249633667454,-0.0539651164691918,-0.05240247578669215,0.01169410832229899,-0.040176970053043694,0.12531140112997521,0.014429990466844013,-0.001461455542466476,-0.05865213276228901,1.0,0.4383114908038409,-0.027385017674207545,-0.06898132856705154,0.10437193918712262,-0.0015442723198985184,-0.022802492135516217,0.003302957608116046,-0.027763118153577133,-0.026546330248147964,-0.005306454416249972,-0.0036947025705197697,-0.0005765306370925404,-0.004812266783333581,-0.004148457413677589,-0.002684769805420265,-0.014453129704144323,-0.06985243705102755],[0.0012661656046236436,0.07416884498591177,-0.032588494660995594,0.006143301495971141,-0.07048723648476826,-0.008374469203950609,-0.031641234095606624,-0.06334188241450518,0.01152841215166705,-0.05465720777016988,0.0784657573867416,-0.004007647824462179,-0.00026662843537389496,-0.0549409598312504,0.4383114908038409,1.0,0.02019958649540395,-0.0372625469109216,0.11721616080048748,0.00024998528349746936,-0.022198861949062898,0.004471814611363718,-0.03075540492330669,-0.019103504173269642,-0.004860993852588436,-0.0036163669567647427,-0.0032471930218789754,-0.0041800452075871014,-0.0025415200182493823,-0.0028636846334536476,-0.008561180298748625,-0.06305054539305273],[0.002471844411331847,0.016453903852485446,-0.03817304591341784,0.002265449948301468,0.0074480617845158826,-0.02543143783970778,0.1850472530931562,0.0862276246973026,-0.03682990113039155,-0.2223655557518324,0.008448081157868955,0.07635477837738834,-0.02891359662311997,0.13891480595771374,-0.027385017674207545,0.02019958649540395,1.0,-0.012324358705519248,-0.018506027714608964,-0.014073026852698824,0.10834694946101579,-0.023192412486876462,0.157997081788879,0.10283848993973208,0.03631380523302118,0.021012185160902665,0.015176419141186365,0.008195327870756327,0.005321922767387255,0.0020641793798890583,0.0005818106227493606,-0.15814508504487526],[-0.002259245902071355,0.015766749682893082,-0.03607387840473108,-0.012420275793387251,0.04900020589643367,-0.025551772723155775,0.22464737857242692,0.12969835871790653,-0.03678163910404392,-0.2245090096112101,-0.02140574210917026,0.025167996041693768,-0.026530927715050494,0.12106956738501845,-0.06898132856705154,-0.0372625469109216,-0.012324358705519248,1.0,-0.00984251053139035,-0.01436391305303524,0.10422227413520477,-0.029544790057485622,0.13972236051824038,0.1314163794516669,0.05022531717374394,0.02508665546697428,0.00523636350770718,0.011700164918860726,0.03153603554286732,0.005346545566881668,0.008110270142096764,-0.17901395318094207],[0.002171321210743137,0.022670094526393687,-0.02014419881087952,-0.01060379249820758,-0.029888018050533576,-0.00151956666979846,0.00792828235401705,-0.019266201182822202,0.057544678543689165,-0.04170463655591893,0.06573211699817152,0.012462466992185806,0.026302016111688552,-0.005976746841283103,0.10437193918712262,0.11721616080048748,-0.018506027714608964,-0.00984251053139035,1.0,0.0008062956198322623,-0.0004900588694763394,-0.006099680718387726,0.007830318226148889,0.00012950161066450778,-0.0027529587231878414,0.0009837825580359329,-0.001140351129991762,0.0006121982575554847,-0.0014894858913213098,-0.0011587667188460945,0.006200971494314797,-0.03022413775061356],[-0.0005988697171793757,0.03510832705763577,-0.0124390487203679,-0.0024786104125470243,0.08658598970521006,0.005309280720074292,0.08863018715642552,0.06431608144507243,0.03306842770859121,0.0015757704878855447,0.004564185528743924,-0.0063559785799863384,0.03155658814497119,-0.01537102140648527,-0.0015442723198985184,0.00024998528349746936,-0.014073026852698824,-0.01436391305303524,0.0008062956198322623,1.0,-0.05487517703738009,-0.040685155630530045,-0.03461471904210437,0.022702903936628927,-0.022464938539049004,-0.020040228946886326,-0.021460879010021805,-0.010845552608986423,-0.004853740728835229,-0.014284216951245871,-0.016783040040460207,0.05615111806807172],[0.0026059223929970543,-0.010427923949706536,-0.001518719552307864,0.007375439409061499,0.05212546117467201,-0.008787675674419154,0.12240060963293731,0.09177989141817862,-0.013300055260480736,-0.08751991269151464,-0.0017375486925119586,0.042156490835980914,-0.010438667336337276,0.07675645198345216,-0.022802492135516217,-0.022198861949062898,0.10834694946101579,0.10422227413520477,-0.0004900588694763394,-0.05487517703738009,1.0,0.7390585695838139,0.5255641166302263,0.25461393806249294,0.08642893819411719,0.05351976018182365,0.09223730309746973,0.038637655430603046,0.034024782374327045,0.026470063033881247,0.2020990277693932,-0.07963027407961952],[0.002630685808641466,-0.0197858289450319,0.017522225999044155,0.01599484828331841,-0.005293656169874172,-0.0021940271689138385,-0.016477524053492724,-0.0053900150906326695,-0.003916568869326322,0.05826123374102549,0.010562752581589056,-0.016117323637582816,-0.03867829738671975,-0.05427254630617465,0.003302957608116046,0.004471814611363718,-0.023192412486876462,-0.029544790057485622,-0.006099680718387726,-0.040685155630530045,0.7390585695838139,1.0,-0.04893106871698449,-0.023705066052680485,-0.008046706729196303,-0.004982796542435841,-0.008587477099977004,-0.0035972428731626672,-0.0031677751805304897,-0.0024644157244948146,0.08503441717173976,0.011308502481715211],[0.0019336628143643833,0.0019109980292476303,-0.008438562941642585,-0.0020006534917833703,0.07711995682827173,-0.010020924257791284,0.15988532795624597,0.12355131887852609,-0.01264172822241991,-0.15953158858702965,-0.008867893526757506,0.07210363985924027,0.02515191648954781,0.13954053478546227,-0.027763118153577133,-0.03075540492330669,0.157997081788879,0.13972236051824038,0.007830318226148889,-0.03461471904210437,0.5255641166302263,-0.04893106871698449,1.0,-0.016857300100929593,-0.005722226205013943,-0.0035433985491138144,-0.006106782333467023,-0.002558094650066358,-0.0022526888029675554,-0.0017525112711744622,0.0039203426913570994,-0.0979422345669155],[-0.0021515958071176293,0.02352290163824189,-0.030704000446894784,-0.007355911633604937,0.03542512675629915,0.0011926624683459659,0.10598266127607746,0.06890910266403372,-0.003935490318567252,-0.11794779008032763,-0.011632076729353864,0.03375660745297164,0.018367500603714927,0.10954527440891461,-0.026546330248147964,-0.019103504173269642,0.10283848993973208,0.1314163794516669,0.00012950161066450778,0.022702903936628927,0.25461393806249294,-0.023705066052680485,-0.016857300100929593,1.0,-0.0027721804104219516,-0.0017166291041698924,-0.0029584818476267863,-0.0012392903780534571,-0.0010913339575586234,-0.0008490187631409325,0.0025158178386946914,-0.08375432878704075],[0.0007060006534348424,0.0037002251059594935,-0.004839622436101671,-0.007058067905608576,0.016384039189552287,-0.004188739140838413,0.052212459870924446,0.03136583678510202,-0.004280959099607282,-0.03606443109892583,-0.0009705405740355539,0.00798462412361385,-0.002334013831073901,0.032062993618318665,-0.005306454416249972,-0.004860993852588436,0.03631380523302118,0.05022531717374394,-0.0027529587231878414,-0.022464938539049004,0.08642893819411719,-0.008046706729196303,-0.005722226205013943,-0.0027721804104219516,1.0,-0.0005827113467374866,-0.0010042594160505223,-0.0004206782719925678,-0.0003704543273818205,-0.000288200209161945,0.004817660353186947,-0.028728300715829363],[-0.00036213572810995457,0.002977459994769785,-0.004856310434494307,-0.004373489072013632,0.008832940156884777,-0.003514150514265195,0.05016367504837864,0.020032039928237794,-0.002369427908692226,-0.023070199208199298,-0.001362027649633721,0.006473178552053475,-0.0003259442527746454,0.019857630760639976,-0.0036947025705197697,-0.0036163669567647427,0.021012185160902665,0.02508665546697428,0.0009837825580359329,-0.020040228946886326,0.05351976018182365,-0.004982796542435841,-0.0035433985491138144,-0.0017166291041698924,-0.0005827113467374866,1.0,-0.0006218718432782425,-0.0002604984013592459,-0.0002293980138372476,-0.00017846344524162825,0.0014691549099707776,-0.011691812736271408],[0.002347837294996656,0.0026553966935673277,0.0006869478009723819,-0.0008624315032920818,-0.0026111596625159697,-0.0036578196094440717,0.0194209721914513,0.0019457746886938272,0.001761966632531929,-0.025506572182153082,-0.004239518316298146,0.006939083258360493,0.011167734231075898,0.02624106795160879,-0.0005765306370925404,-0.0032471930218789754,0.015176419141186365,0.00523636350770718,-0.001140351129991762,-0.021460879010021805,0.09223730309746973,-0.008587477099977004,-0.006106782333467023,-0.0029584818476267863,-0.0010042594160505223,-0.0006218718432782425,1.0,-0.0004489495080125597,-0.00039535031660044897,-0.0003075683978150864,0.004228701343462871,-0.011023654758325608],[-0.00037400816550927415,-0.0023033487983140284,-0.0007565567631568374,-0.002632466302563283,0.0067859499171965204,-0.0021692945553961084,0.01510881504186406,0.01119177186676338,-0.0032922984388699967,-0.00876263690839065,-0.002585756554267365,0.004406171748843533,0.000733465441896682,0.008817360198318738,-0.004812266783333581,-0.0041800452075871014,0.008195327870756327,0.011700164918860726,0.0006121982575554847,-0.010845552608986423,0.038637655430603046,-0.0035972428731626672,-0.002558094650066358,-0.0012392903780534571,-0.0004206782719925678,-0.0002604984013592459,-0.0004489495080125597,1.0,-0.00016560988661004094,-0.00012883856506043355,-0.0009836829139616503,-0.008542894440923758],[0.0005375110411567944,0.001059640794961505,-0.00015234095770846548,-0.0009432162669411439,0.009639044134380848,-0.001763958406410088,0.015289593054478478,0.014659656764837319,-0.0026482353807519236,-0.011904241772225143,0.0029590589253612578,0.01260530480175319,-0.003265946155649713,0.007395922206783352,-0.004148457413677589,-0.0025415200182493823,0.005321922767387255,0.03153603554286732,-0.0014894858913213098,-0.004853740728835229,0.034024782374327045,-0.0031677751805304897,-0.0022526888029675554,-0.0010913339575586234,-0.0003704543273818205,-0.0002293980138372476,-0.00039535031660044897,-0.00016560988661004094,1.0,-0.00011345678428845447,0.003586999799672213,-0.009378110140672143],[-0.0031163563765357915,0.0005233006734425026,0.0019263185136739445,0.00026850226382543063,0.0039386651784300685,-0.0011954921215703805,0.004983388964914223,0.004047601518318313,-0.0014929441505018215,-0.003380323759614741,0.0004719169783209661,0.004825421434156841,-0.0009199144404717015,0.005061105285099932,-0.002684769805420265,-0.0028636846334536476,0.0020641793798890583,0.005346545566881668,-0.0011587667188460945,-0.014284216951245871,0.026470063033881247,-0.0024644157244948146,-0.0017525112711744622,-0.0008490187631409325,-0.000288200209161945,-0.00017846344524162825,-0.0003075683978150864,-0.00012883856506043355,-0.00011345678428845447,1.0,-0.0006739060237411155,-0.001655947772802609],[-0.00229506950173649,-0.017991981811164768,-0.01306781157218301,-0.0024631911603972606,-0.002072826187000747,-0.004533726120264015,0.01311056390744851,0.00539715613857924,-0.01007436755645854,0.005628210243558181,0.0021265182982510636,0.014336930236041602,-0.004889863050572403,0.00012066991172160212,-0.014453129704144323,-0.008561180298748625,0.0005818106227493606,0.008110270142096764,0.006200971494314797,-0.016783040040460207,0.2020990277693932,0.08503441717173976,0.0039203426913570994,0.0025158178386946914,0.004817660353186947,0.0014691549099707776,0.004228701343462871,-0.0009836829139616503,0.003586999799672213,-0.0006739060237411155,1.0,-0.01633446826714933],[0.0010632287028194919,-0.07234663353698208,0.043160756955273445,0.007931778942187771,0.12230849360229727,0.02927330217043438,-0.12522051572876056,0.048130023669990654,0.05531360218907634,0.29132523868181254,0.06603944881371915,-0.06029534142275559,0.0145605454373432,-0.25413098113139443,-0.06985243705102755,-0.06305054539305273,-0.15814508504487526,-0.17901395318094207,-0.03022413775061356,0.05615111806807172,-0.07963027407961952,0.011308502481715211,-0.0979422345669155,-0.08375432878704075,-0.028728300715829363,-0.011691812736271408,-0.011023654758325608,-0.008542894440923758,-0.009378110140672143,-0.001655947772802609,-0.01633446826714933,1.0]],"type":"heatmap","xaxis":"x","yaxis":"y","hovertemplate":"x: %{x}\u003cbr\u003ey: %{y}\u003cbr\u003eCorrelation: %{z}\u003cextra\u003e\u003c\u002fextra\u003e"}],                        {"template":{"data":{"histogram2dcontour":[{"type":"histogram2dcontour","colorbar":{"outlinewidth":0,"ticks":""},"colorscale":[[0.0,"#0d0887"],[0.1111111111111111,"#46039f"],[0.2222222222222222,"#7201a8"],[0.3333333333333333,"#9c179e"],[0.4444444444444444,"#bd3786"],[0.5555555555555556,"#d8576b"],[0.6666666666666666,"#ed7953"],[0.7777777777777778,"#fb9f3a"],[0.8888888888888888,"#fdca26"],[1.0,"#f0f921"]]}],"choropleth":[{"type":"choropleth","colorbar":{"outlinewidth":0,"ticks":""}}],"histogram2d":[{"type":"histogram2d","colorbar":{"outlinewidth":0,"ticks":""},"colorscale":[[0.0,"#0d0887"],[0.1111111111111111,"#46039f"],[0.2222222222222222,"#7201a8"],[0.3333333333333333,"#9c179e"],[0.4444444444444444,"#bd3786"],[0.5555555555555556,"#d8576b"],[0.6666666666666666,"#ed7953"],[0.7777777777777778,"#fb9f3a"],[0.8888888888888888,"#fdca26"],[1.0,"#f0f921"]]}],"heatmap":[{"type":"heatmap","colorbar":{"outlinewidth":0,"ticks":""},"colorscale":[[0.0,"#0d0887"],[0.1111111111111111,"#46039f"],[0.2222222222222222,"#7201a8"],[0.3333333333333333,"#9c179e"],[0.4444444444444444,"#bd3786"],[0.5555555555555556,"#d8576b"],[0.6666666666666666,"#ed7953"],[0.7777777777777778,"#fb9f3a"],[0.8888888888888888,"#fdca26"],[1.0,"#f0f921"]]}],"heatmapgl":[{"type":"heatmapgl","colorbar":{"outlinewidth":0,"ticks":""},"colorscale":[[0.0,"#0d0887"],[0.1111111111111111,"#46039f"],[0.2222222222222222,"#7201a8"],[0.3333333333333333,"#9c179e"],[0.4444444444444444,"#bd3786"],[0.5555555555555556,"#d8576b"],[0.6666666666666666,"#ed7953"],[0.7777777777777778,"#fb9f3a"],[0.8888888888888888,"#fdca26"],[1.0,"#f0f921"]]}],"contourcarpet":[{"type":"contourcarpet","colorbar":{"outlinewidth":0,"ticks":""}}],"contour":[{"type":"contour","colorbar":{"outlinewidth":0,"ticks":""},"colorscale":[[0.0,"#0d0887"],[0.1111111111111111,"#46039f"],[0.2222222222222222,"#7201a8"],[0.3333333333333333,"#9c179e"],[0.4444444444444444,"#bd3786"],[0.5555555555555556,"#d8576b"],[0.6666666666666666,"#ed7953"],[0.7777777777777778,"#fb9f3a"],[0.8888888888888888,"#fdca26"],[1.0,"#f0f921"]]}],"surface":[{"type":"surface","colorbar":{"outlinewidth":0,"ticks":""},"colorscale":[[0.0,"#0d0887"],[0.1111111111111111,"#46039f"],[0.2222222222222222,"#7201a8"],[0.3333333333333333,"#9c179e"],[0.4444444444444444,"#bd3786"],[0.5555555555555556,"#d8576b"],[0.6666666666666666,"#ed7953"],[0.7777777777777778,"#fb9f3a"],[0.8888888888888888,"#fdca26"],[1.0,"#f0f921"]]}],"mesh3d":[{"type":"mesh3d","colorbar":{"outlinewidth":0,"ticks":""}}],"scatter":[{"fillpattern":{"fillmode":"overlay","size":10,"solidity":0.2},"type":"scatter"}],"parcoords":[{"type":"parcoords","line":{"colorbar":{"outlinewidth":0,"ticks":""}}}],"scatterpolargl":[{"type":"scatterpolargl","marker":{"colorbar":{"outlinewidth":0,"ticks":""}}}],"bar":[{"error_x":{"color":"#2a3f5f"},"error_y":{"color":"#2a3f5f"},"marker":{"line":{"color":"#E5ECF6","width":0.5},"pattern":{"fillmode":"overlay","size":10,"solidity":0.2}},"type":"bar"}],"scattergeo":[{"type":"scattergeo","marker":{"colorbar":{"outlinewidth":0,"ticks":""}}}],"scatterpolar":[{"type":"scatterpolar","marker":{"colorbar":{"outlinewidth":0,"ticks":""}}}],"histogram":[{"marker":{"pattern":{"fillmode":"overlay","size":10,"solidity":0.2}},"type":"histogram"}],"scattergl":[{"type":"scattergl","marker":{"colorbar":{"outlinewidth":0,"ticks":""}}}],"scatter3d":[{"type":"scatter3d","line":{"colorbar":{"outlinewidth":0,"ticks":""}},"marker":{"colorbar":{"outlinewidth":0,"ticks":""}}}],"scattermapbox":[{"type":"scattermapbox","marker":{"colorbar":{"outlinewidth":0,"ticks":""}}}],"scatterternary":[{"type":"scatterternary","marker":{"colorbar":{"outlinewidth":0,"ticks":""}}}],"scattercarpet":[{"type":"scattercarpet","marker":{"colorbar":{"outlinewidth":0,"ticks":""}}}],"carpet":[{"aaxis":{"endlinecolor":"#2a3f5f","gridcolor":"white","linecolor":"white","minorgridcolor":"white","startlinecolor":"#2a3f5f"},"baxis":{"endlinecolor":"#2a3f5f","gridcolor":"white","linecolor":"white","minorgridcolor":"white","startlinecolor":"#2a3f5f"},"type":"carpet"}],"table":[{"cells":{"fill":{"color":"#EBF0F8"},"line":{"color":"white"}},"header":{"fill":{"color":"#C8D4E3"},"line":{"color":"white"}},"type":"table"}],"barpolar":[{"marker":{"line":{"color":"#E5ECF6","width":0.5},"pattern":{"fillmode":"overlay","size":10,"solidity":0.2}},"type":"barpolar"}],"pie":[{"automargin":true,"type":"pie"}]},"layout":{"autotypenumbers":"strict","colorway":["#636efa","#EF553B","#00cc96","#ab63fa","#FFA15A","#19d3f3","#FF6692","#B6E880","#FF97FF","#FECB52"],"font":{"color":"#2a3f5f"},"hovermode":"closest","hoverlabel":{"align":"left"},"paper_bgcolor":"white","plot_bgcolor":"#E5ECF6","polar":{"bgcolor":"#E5ECF6","angularaxis":{"gridcolor":"white","linecolor":"white","ticks":""},"radialaxis":{"gridcolor":"white","linecolor":"white","ticks":""}},"ternary":{"bgcolor":"#E5ECF6","aaxis":{"gridcolor":"white","linecolor":"white","ticks":""},"baxis":{"gridcolor":"white","linecolor":"white","ticks":""},"caxis":{"gridcolor":"white","linecolor":"white","ticks":""}},"coloraxis":{"colorbar":{"outlinewidth":0,"ticks":""}},"colorscale":{"sequential":[[0.0,"#0d0887"],[0.1111111111111111,"#46039f"],[0.2222222222222222,"#7201a8"],[0.3333333333333333,"#9c179e"],[0.4444444444444444,"#bd3786"],[0.5555555555555556,"#d8576b"],[0.6666666666666666,"#ed7953"],[0.7777777777777778,"#fb9f3a"],[0.8888888888888888,"#fdca26"],[1.0,"#f0f921"]],"sequentialminus":[[0.0,"#0d0887"],[0.1111111111111111,"#46039f"],[0.2222222222222222,"#7201a8"],[0.3333333333333333,"#9c179e"],[0.4444444444444444,"#bd3786"],[0.5555555555555556,"#d8576b"],[0.6666666666666666,"#ed7953"],[0.7777777777777778,"#fb9f3a"],[0.8888888888888888,"#fdca26"],[1.0,"#f0f921"]],"diverging":[[0,"#8e0152"],[0.1,"#c51b7d"],[0.2,"#de77ae"],[0.3,"#f1b6da"],[0.4,"#fde0ef"],[0.5,"#f7f7f7"],[0.6,"#e6f5d0"],[0.7,"#b8e186"],[0.8,"#7fbc41"],[0.9,"#4d9221"],[1,"#276419"]]},"xaxis":{"gridcolor":"white","linecolor":"white","ticks":"","title":{"standoff":15},"zerolinecolor":"white","automargin":true,"zerolinewidth":2},"yaxis":{"gridcolor":"white","linecolor":"white","ticks":"","title":{"standoff":15},"zerolinecolor":"white","automargin":true,"zerolinewidth":2},"scene":{"xaxis":{"backgroundcolor":"#E5ECF6","gridcolor":"white","linecolor":"white","showbackground":true,"ticks":"","zerolinecolor":"white","gridwidth":2},"yaxis":{"backgroundcolor":"#E5ECF6","gridcolor":"white","linecolor":"white","showbackground":true,"ticks":"","zerolinecolor":"white","gridwidth":2},"zaxis":{"backgroundcolor":"#E5ECF6","gridcolor":"white","linecolor":"white","showbackground":true,"ticks":"","zerolinecolor":"white","gridwidth":2}},"shapedefaults":{"line":{"color":"#2a3f5f"}},"annotationdefaults":{"arrowcolor":"#2a3f5f","arrowhead":0,"arrowwidth":1},"geo":{"bgcolor":"white","landcolor":"#E5ECF6","subunitcolor":"white","showland":true,"showlakes":true,"lakecolor":"white"},"title":{"x":0.05},"mapbox":{"style":"light"}}},"xaxis":{"anchor":"y","domain":[0.0,1.0],"scaleanchor":"y","constrain":"domain","showticklabels":false},"yaxis":{"anchor":"x","domain":[0.0,1.0],"autorange":"reversed","constrain":"domain","showticklabels":false},"coloraxis":{"colorbar":{"title":{"text":"Correlation"}},"colorscale":[[0.0,"#440154"],[0.1111111111111111,"#482878"],[0.2222222222222222,"#3e4989"],[0.3333333333333333,"#31688e"],[0.4444444444444444,"#26828e"],[0.5555555555555556,"#1f9e89"],[0.6666666666666666,"#35b779"],[0.7777777777777778,"#6ece58"],[0.8888888888888888,"#b5de2b"],[1.0,"#fde725"]]},"title":{"text":"Correlation Matrix"}},                        {"responsive": true}                    )                };                            </script>        </div>